{
 "cells": [
  {
   "cell_type": "code",
   "execution_count": 1,
   "metadata": {},
   "outputs": [],
   "source": [
    "from pandas import *\n",
    "from numpy import *\n",
    "from numpy.linalg import * # utile pour l'inversion de matrice et la diagonalisation\n",
    "from matplotlib.pylab import *"
   ]
  },
  {
   "cell_type": "markdown",
   "metadata": {},
   "source": [
    "# Exercice 1 : Corrélations entre les notes d'UE"
   ]
  },
  {
   "cell_type": "markdown",
   "metadata": {},
   "source": [
    "On dispose de la moyenne générale et des moyennes des trois UE du semestre 3 (2017-2018) de 5 étudiants tirés au hasard.\n",
    "\n",
    "| Informatique  | Culture scientifique, sociale et humaine | Méthodologie et projets  | Moyenne générale|\n",
    "|---|---|---|---|\n",
    "| 10.83  | 12.43  |  14.88 |  12.28 |\n",
    "|  12.22 | 13.69  | 11.92  |  12.75 |\n",
    "| 9.84  | 10.88  | 15.38  |  11.36 |\n",
    "|  12.81 | 12.12  | 15.21  |  13.02 |\n",
    "| 10.31  |  10.88 | 16.42  |  11.76 |\n",
    "\n",
    "**ATTENTION :** ici l'échantillon de taille 5 est trop petit pour que l'on puisse généraliser nos observations à toute une promo. Nous avons choisi cette taille pour que l'exercice soit plus visuel."
   ]
  },
  {
   "cell_type": "markdown",
   "metadata": {},
   "source": [
    "On représente ce tableau de données sous la forme d'une matrice $M$ (en ligne les individus, en colonne les caractères)."
   ]
  },
  {
   "cell_type": "code",
   "execution_count": 2,
   "metadata": {},
   "outputs": [
    {
     "name": "stdout",
     "output_type": "stream",
     "text": [
      "[[10.83 12.43 14.88 12.28]\n",
      " [12.22 13.69 11.92 12.75]\n",
      " [ 9.84 10.88 15.38 11.36]\n",
      " [12.81 12.12 15.21 13.02]\n",
      " [10.31 10.88 16.42 11.76]]\n"
     ]
    }
   ],
   "source": [
    "M = array([[10.83,12.43 ,14.88 ,12.28],\n",
    "          [12.22 ,13.69 ,11.92,12.75],\n",
    "          [9.84 ,10.88 ,15.38 ,11.36],\n",
    "          [12.81 ,12.12 ,15.21 ,13.02],\n",
    "          [10.31 ,10.88 ,16.42 ,11.76]])\n",
    "print(M)"
   ]
  },
  {
   "cell_type": "markdown",
   "metadata": {},
   "source": [
    "**Question 1.** Calculer le vecteur `Moy` qui contient les moyennes de chacune des variables. Puis centrer les données en les stockant dans une matrice $N$.\n",
    "\n",
    "*On pourra utiliser la commande `mean(M,axis=0)` qui calcule le vecteur contenant les moyennes de chaque colonne de $M$.*"
   ]
  },
  {
   "cell_type": "code",
   "execution_count": 24,
   "metadata": {},
   "outputs": [
    {
     "name": "stdout",
     "output_type": "stream",
     "text": [
      "[11.202 12.    14.762 12.234]\n",
      "[[-0.372  0.43   0.118  0.046]\n",
      " [ 1.018  1.69  -2.842  0.516]\n",
      " [-1.362 -1.12   0.618 -0.874]\n",
      " [ 1.608  0.12   0.448  0.786]\n",
      " [-0.892 -1.12   1.658 -0.474]]\n"
     ]
    }
   ],
   "source": [
    "Moy= mean(M,axis=0) #0 = en col et 1 = en ligne \n",
    "print(Moy)\n",
    "\n",
    "N=zeros((5,4))\n",
    "for i in range (4):\n",
    "    N[:,i]= M[:,i] - Moy[i] #premiere col de M - moy de cette premiere col \n",
    "print(N)\n"
   ]
  },
  {
   "cell_type": "markdown",
   "metadata": {},
   "source": [
    "**Question 3.** Calculer la matrice de covariance `Cov` de $M$."
   ]
  },
  {
   "cell_type": "code",
   "execution_count": 22,
   "metadata": {},
   "outputs": [
    {
     "name": "stdout",
     "output_type": "stream",
     "text": [
      "[[ 2.82083333 -0.37066667  3.97583333  1.8375      4.44308333]\n",
      " [-0.37066667  0.6031     -0.92336667 -0.813      -1.22728333]\n",
      " [ 3.97583333 -0.92336667  5.8937      3.0032      6.72765   ]\n",
      " [ 1.8375     -0.813       3.0032      1.7862      3.5576    ]\n",
      " [ 4.44308333 -1.22728333  6.72765     3.5576      7.74509167]]\n"
     ]
    }
   ],
   "source": [
    "Cov1=cov(M)\n",
    "print(Cov1)"
   ]
  },
  {
   "cell_type": "markdown",
   "metadata": {},
   "source": [
    "**Question 4.** Calculez à partir de la matrice des données centrées $N$, la matrice centrée réduite $Z$. Vérifiez que la moyenne de chaque colonne vaut $0$, et que la variance de chaque colonne est de $1$. "
   ]
  },
  {
   "cell_type": "code",
   "execution_count": 37,
   "metadata": {},
   "outputs": [
    {
     "name": "stdout",
     "output_type": "stream",
     "text": [
      "1.1241103148712766\n",
      "[[-0.3285204   0.40761682  0.07807047  0.07512329]\n",
      " [ 0.89901551  1.60202888 -1.88030748  0.84268739]\n",
      " [-1.20280856 -1.06169961  0.40887756 -1.4273426 ]\n",
      " [ 1.42005593  0.11375353  0.29640315  1.28362847]\n",
      " [-0.78774247 -1.06169961  1.0969563  -0.77409656]]\n",
      "[-1.26565425e-15  0.00000000e+00  3.10862447e-16  2.28705943e-15]\n",
      "[1. 1. 1. 1.]\n"
     ]
    }
   ],
   "source": [
    "ecart_N = std(N)\n",
    "print(ecart_N)\n",
    "\n",
    "Z=zeros((5,4))\n",
    "for j in range(4):\n",
    "    for i in range (5):\n",
    "        Z[i,j]=N[i,j]/std(N[:,j])\n",
    "print(Z)\n",
    "print(mean(Z,axis=0))\n",
    "print(var(Z,axis=0))"
   ]
  },
  {
   "cell_type": "markdown",
   "metadata": {},
   "source": [
    "**Question 5.** En déduire la matrice de corrélation $R$ de $M$."
   ]
  },
  {
   "cell_type": "code",
   "execution_count": null,
   "metadata": {},
   "outputs": [],
   "source": []
  },
  {
   "cell_type": "markdown",
   "metadata": {},
   "source": [
    "**Question 6.** Commentez la matrice de corrélation."
   ]
  },
  {
   "cell_type": "code",
   "execution_count": null,
   "metadata": {},
   "outputs": [],
   "source": []
  },
  {
   "cell_type": "markdown",
   "metadata": {},
   "source": [
    "**Question 7.** Utiliser la matrice de covariance `Cov` et la matrice `Moy` pour calculer les \n",
    "coefficients de la droite de régression de la moyenne générale en fonction de l'UE Informatique. Représentez sur un même graphique la droite de régression et le nuage de point des individus."
   ]
  },
  {
   "cell_type": "code",
   "execution_count": null,
   "metadata": {
    "scrolled": true
   },
   "outputs": [],
   "source": []
  },
  {
   "cell_type": "markdown",
   "metadata": {},
   "source": [
    "# Exercice 2 : Prévoir la moyenne du S2 en fonction des notes du S1"
   ]
  },
  {
   "cell_type": "markdown",
   "metadata": {},
   "source": [
    "Le fichier `notesS1-moyS2-17-18.xls` contient les notes des modules de S1, des UE de S1, de la moyenne de S1 et de la moyenne de S2 de 155 étudiants de l'IUT de l'année universitaire 2017-2018.\n",
    "\n",
    "On peut Ouvrir le fichier avec la librairie Pandas et afficher les premières lignes. On peut également extraire les valeurs du tableau dans une variable `data` et les noms des variables dans une variable `labels`."
   ]
  },
  {
   "cell_type": "code",
   "execution_count": null,
   "metadata": {},
   "outputs": [],
   "source": [
    "df = read_excel('notesS1-moyS2-17-18.xls')\n",
    "df.head()"
   ]
  },
  {
   "cell_type": "code",
   "execution_count": null,
   "metadata": {},
   "outputs": [],
   "source": [
    "data = df.values\n",
    "labels=df.columns"
   ]
  },
  {
   "cell_type": "markdown",
   "metadata": {},
   "source": [
    "**Question 1.** Calculez les corrélations entre la variable `Moy S2` et toutes les autres variables. Quelle est la variable du S1 qui permet de prédire le mieux la moyenne du S2 ?"
   ]
  },
  {
   "cell_type": "code",
   "execution_count": null,
   "metadata": {},
   "outputs": [],
   "source": []
  },
  {
   "cell_type": "markdown",
   "metadata": {},
   "source": [
    "**Question 2.** Calculez les paramètres de la droite de régression de la moyenne de S2 en fonction de la variable la plus corrélée (cf. question précédente). Quelle est la variance expliquée par cette régression ?"
   ]
  },
  {
   "cell_type": "code",
   "execution_count": null,
   "metadata": {},
   "outputs": [],
   "source": []
  },
  {
   "cell_type": "markdown",
   "metadata": {},
   "source": [
    "**Question 3.** Représentez sur un même graphique cette droite de regression (en rouge) et le nuage points-individus. Prédire la réussite d'un étudiant au S2 qui a une moyenne de 12 au S1."
   ]
  },
  {
   "cell_type": "code",
   "execution_count": null,
   "metadata": {},
   "outputs": [],
   "source": []
  },
  {
   "cell_type": "markdown",
   "metadata": {},
   "source": [
    "# Exercice 3 : diagonalisation"
   ]
  },
  {
   "cell_type": "markdown",
   "metadata": {},
   "source": [
    "On considère la matrice\n",
    "\\begin{align*}\n",
    "A=\\begin{pmatrix}\n",
    "1 & -7 & -2\\\\\n",
    "-7 & 1 & 2\\\\\n",
    "-2 & 2 & 10\n",
    "\\end{pmatrix}.\n",
    "\\end{align*}\n",
    "\n",
    "**Question 1.** Diagonalisez la matrice avec la commande `eigh` (eigenvalue signifie valeur propre en anglais) qui renvoie les valeurs propres (à stocker dans un vecteur `valtemp`) et les vecteurs propres (à stocker dans une matrice `Ptemp`).\n",
    "\n",
    "*Remarque : on pourrait ici utiliser la commande `eig` plutôt que `eigh`, mais dans la Séance 4, nous aurons besoin d'utiliser `eigh` pour programmer un algorithme de reconnaissance faciale. On choisit donc d'utiliser dès maintenant `eigh`, ce qui ne change rien ici.*"
   ]
  },
  {
   "cell_type": "code",
   "execution_count": 42,
   "metadata": {},
   "outputs": [
    {
     "name": "stdout",
     "output_type": "stream",
     "text": [
      "[-6.  6. 12.]\n",
      "[[-7.07106781e-01  5.77350269e-01 -4.08248290e-01]\n",
      " [-7.07106781e-01 -5.77350269e-01  4.08248290e-01]\n",
      " [-4.63902886e-18  5.77350269e-01  8.16496581e-01]]\n"
     ]
    }
   ],
   "source": [
    "A = array([[1, -7, -2],\n",
    "          [-7, 1, 2],\n",
    "          [-2, 2, 10]])\n",
    "valtemp,Ptemp=eigh(A)\n",
    "print(valtemp)\n",
    "print(Ptemp)"
   ]
  },
  {
   "cell_type": "markdown",
   "metadata": {},
   "source": [
    "**Question 2.** Vérifiez que la base des vecteurs propres est bien orthonormée, c'est-à-dire que l'inverse de la matrice $Ptemp$ et la transposée de la matrice $Ptemp$ coincident."
   ]
  },
  {
   "cell_type": "code",
   "execution_count": 44,
   "metadata": {},
   "outputs": [
    {
     "name": "stdout",
     "output_type": "stream",
     "text": [
      "[[-7.07106781e-01 -7.07106781e-01 -8.26710801e-17]\n",
      " [ 5.77350269e-01 -5.77350269e-01  5.77350269e-01]\n",
      " [-4.08248290e-01  4.08248290e-01  8.16496581e-01]]\n",
      "[[-7.07106781e-01 -7.07106781e-01 -4.63902886e-18]\n",
      " [ 5.77350269e-01 -5.77350269e-01  5.77350269e-01]\n",
      " [-4.08248290e-01  4.08248290e-01  8.16496581e-01]]\n"
     ]
    }
   ],
   "source": [
    "print(inv(Ptemp))\n",
    "print(Ptemp.T)"
   ]
  },
  {
   "cell_type": "markdown",
   "metadata": {},
   "source": [
    "**Question 3.** Rangez par ordre décroissant les valeurs propres $\\lambda_1\\geq \\lambda_2\\geq \\lambda_3$ dans un nouveau vecteur `val` et adaptez la matrice de changement de base en une matrice `P` de sorte que \n",
    "$$A=P\\begin{pmatrix}\\lambda_1 & 0 & 0\\\\\n",
    "0 & \\lambda_2 & 0\\\\\n",
    "0 & 0 & \\lambda_3\n",
    "\\end{pmatrix}P^{-1}.$$\n",
    "\n",
    "*Pour ordonner un vecteur `V` dans l'ordre croissant, il faut utiliser la commande `sort(V)`. Pour l'ordonner dans l'ordre décroissant, il faudra inverser les éléments de `sort(V)` de la manière suivante : `sort(V)[::-1]`.\n",
    "On obtiendra les indices correspondant à l'ordonnancement croissant de \n",
    "`V` avec `argsort(V)`, et donc ceux correspondant à l'ordonnancement décroissant avec `argsort(V)[::-1]`.*\n",
    "\n",
    "Vérifier que $A=P\\,D\\,P^{-1}$ ou, ce qui revient au même mais demande moins de calculs machine, que $A=P\\,D\\,^t\\!P$."
   ]
  },
  {
   "cell_type": "code",
   "execution_count": 54,
   "metadata": {},
   "outputs": [
    {
     "name": "stdout",
     "output_type": "stream",
     "text": [
      "[12.  6. -6.]\n",
      "[-6.  6. 12.]\n",
      "[2 1 0]\n",
      "[[-4.08248290e-01  5.77350269e-01 -7.07106781e-01]\n",
      " [ 4.08248290e-01 -5.77350269e-01 -7.07106781e-01]\n",
      " [ 8.16496581e-01  5.77350269e-01 -4.63902886e-18]]\n",
      "[[-7.07106781e-01  5.77350269e-01 -4.08248290e-01]\n",
      " [-7.07106781e-01 -5.77350269e-01  4.08248290e-01]\n",
      " [-4.63902886e-18  5.77350269e-01  8.16496581e-01]]\n"
     ]
    }
   ],
   "source": [
    "TriVal= sort(valtemp)[::-1]\n",
    "print(TriVal)\n",
    "print(valtemp)\n",
    "print(argsort(valtemp)[::-1])\n",
    "\n",
    "P = zeros((3,3))\n",
    "for i in range (3):\n",
    "    P[:,i]= Ptemp[:,argsort(valtemp)[::-1][i]]\n",
    "print(P)\n",
    "print(Ptemp)"
   ]
  },
  {
   "cell_type": "markdown",
   "metadata": {},
   "source": [
    "**Question 4.** En utilisant la commande `trace`, calculez la trace de $A$ et vérifiez que $\\mathrm{tr}(A) = \\lambda_1 +\\lambda_2+\\lambda_3$."
   ]
  },
  {
   "cell_type": "code",
   "execution_count": null,
   "metadata": {},
   "outputs": [],
   "source": []
  },
  {
   "cell_type": "markdown",
   "metadata": {},
   "source": [
    "**Question 5.** Recommencez les mêmes questions avec la matrice \n",
    "\\begin{align*}\n",
    "B=\\begin{pmatrix}\n",
    "3 & 2 & 2\\\\\n",
    "2 & 3 & 2\\\\\n",
    "2 & 2 & 3\n",
    "\\end{pmatrix}.\n",
    "\\end{align*}"
   ]
  },
  {
   "cell_type": "code",
   "execution_count": null,
   "metadata": {},
   "outputs": [],
   "source": []
  }
 ],
 "metadata": {
  "kernelspec": {
   "display_name": "Python 3",
   "language": "python",
   "name": "python3"
  },
  "language_info": {
   "codemirror_mode": {
    "name": "ipython",
    "version": 3
   },
   "file_extension": ".py",
   "mimetype": "text/x-python",
   "name": "python",
   "nbconvert_exporter": "python",
   "pygments_lexer": "ipython3",
   "version": "3.7.4"
  }
 },
 "nbformat": 4,
 "nbformat_minor": 2
}
